MaxFlow = 11
MaxCost(MaxFlow) = 71.000000
Duration = 0.000000 seconds
